[header.jpg]
filters=crop64=1,1911ffffafff;
crop=rect64(1911ffffafff)
moddate=0000715788ce0000
width=720
height=480
textactive=0
[headshot.jpg]
filters=bw=1;PicnikTint=1,0.000000,ffcac5bc;finetune2=1,0.192982,0.050526,0.000000,00000000,0.005848;
moddate=00007be5c7d00000
width=297
height=283
textactive=0
